744
3580
6281
1662
2613
5566
3615
267
3742
958
9133
7240
6398
833
3092
5432
4269
3567
9760
3997
6213
1022
1987
6816
4427
2163
3838
722
1428
6006
9761
8523
5937
2393
184
8549
7958
150
5168
8051
1107
4300
5290
7505
1484
4734
9288
5752
4652
9047
9748
7216
6420
8086
4031
7199
248
7868
7920
1675
225
4033
197
6161
6425
6732
1062
735
6881
6229
8785
4340
6880
427
8196
8363
1512
7483
466
6163
6529
6565
3379
9300
4650
3761
6498
1250
7981
4418
2924
8205
8450
9473
718
1226
2556
8131
1960
5789
711
7097
128
7590
3875
8323
2304
1738
5805
2769
7900
8685
5685
7630
7984
334
7743
4482
1583
5723
5251
859
3927
52
6683
996
1277
9238
9126
9589
1378
9836
3037
1505
7425
3263
9827
9728
5000
1983
8848
9251
667
4532
6881
8651
1218
4623
9484
2800
345
4734
10
623
1137
6692
1619
2413
2282
744
8353
3659
580
7741
1516
4356
1003
1342
436
2354
3325
5635
1605
343
167
8485
8993
7736
9459
4828
6887
6155
9561
6897
6777
7049
9940
4747
9462
8573
5491
4166
2232
2422
1907
3747
6777
9261
1440
7212
1615
1116
2847
3219
1459
9365
8055
6803
7100
3865
1631
338
19
7543
7234
3147
4592
3526
7894
405
2098
9736
4570
681
2157
2828
779
5285
8441
8571
2497
6407
9686
1695
9625
7496
7411
4031
4299
862
4247
2281
1199
617
9823
4785
3763
4414
8310
8008
1170
6759
4095
2092
7440
6251
1271
4570
7888
9711
3140
384
6117
9178
8430
2093
6673
5840
2475
7323
6701
6721
9603
7899
7337
9426
2683
7452
191
7344
1811
1361
4103
5906
9804
7894
8508
1074
2463
6395
785
1955
3130
6901
1132
1559
5346
7804
3750
7820
5127
450
893
4729
4701
8229
506
7383
2032
697
1079
195
8409
1533
2452
8212
9426
959
5637
8240
3706
6421
194
3187
9674
7677
1098
1371
5481
4847
9190
6959
1649
82
8039
6349
4663
8545
83
3046
5593
1161
3240
353
2693
5691
4916
8470
3002
552
6710
3059
3325
3255
6245
9350
932
3694
720
2764
8541
6261
9722
6541
6343
4112
2889
7357
9008
2971
402
952
484
9994
1304
9528
2036
2571
7998
1389
9475
1059
4447
9151
4313
7044
8500
5244
737
5571
4359
5629
1831
4080
2169
8173
4544
1409
1881
3551
732
8635
4503
1215
4980
2158
7094
7015
1081
5091
4756
6907
2501
9202
6057
3166
2597
908
8409
9686
6478
9120
1666
8308
9551
3835
2833
4094
1595
4713
7645
2326
9699
8499
9892
4678
7008
6986
8045
4440
8428
2800
1346
929
8353
7402
4094
950
4661
8854
6987
1138
7973
8652
9446
7524
8838
8630
1617
433
3342
5613
2758
9393
463
9002
4070
3823
5987
2114
8262
4414
4913
5960
1694
3266
9713
5787
567
4374
993
3905
5511
5317
2556
1308
2840
7746
9937
809
8178
9631
2773
7287
9023
9588
6288
3092
3410
8626
1558
8023
3040
2822
3982
4733
6087
47
6872
3005
4420
4216
6909
6282
9532
5817
7590
8724
3562
3878
9532
8091
3508
8656
1729
2530
4595
4369
1974
8004
2994
3531
2379
2385
6352
2712
3470
8791
2758
6693
8147
3529
908
1408
9811
439
7224
3752
9162
7137
7629
5045
1579
1137
53
3307
18
4647
4027
1991
9003
7021
1873
1381
5757
8225
444
9226
3367
9554
5918
1513
3082
6825
2920
9244
3616
143
2995
2777
3631
6976
4174
5209
4464
4226
4868
4481
8872
8894
2824
7874
2266
4696
5606
8023
2920
6050
7248
2638
5603
9518
4151
5036
6342
7070
4280
6309
3565
3626
9086
3547
601
9611
8756
5064
3836
9975
5897
2707
8868
8720
6933
1134
3415
2538
5508
2687
4939
2755
5324
541
8624
5826
1929
4966
9248
6208
7626
9164
6185
6711
2710
6786
6321
7817
8201
6508
7791
4097
5567
6659
2816
2499
4144
6231
1388
9651
5269
6327
8757
592
3219
7381
6418
5147
8698
5665
7706
6323
4828
3891
9386
3889
676
2058
1706
5228
8566
9496
9325
4132
2506
2140
2982
3001
4722
4369
9003
9990
695
7760
582
3914
1492
3351
9060
189
5367
6766
6511
194
7008
2248
4082
4035
4306
2139
9262
2871
7987
8586
3354
6844
726
6335
9845
5447
703
5199
1789
1398
2958
2370
1663
4449
2072
7074
989
7438
191
3852
3983
7198
6099
4416
1232
404
6555
494
9626
4541
9079
9331
7736
6156
5665
7580
7955
2720
2779
9743
469
2088
8464
2131
2889
535
9204
3877
7972
9395
7728
1954
2944
179
6369
4176
6934
9275
4669
6560
3815
99
2242
1551
6255
4259
5482
561
6978
4612
303
7446
3052
5118
5928
5940
5652
1483
6168
3623
7229
3896
1928
173
426
4648
4348
7359
3923
5368
270
4089
1818
2512
1991
4424
6770
7473
4984
99
8436
1638
7544
1487
6755
9823
7426
2406
1305
3594
2380
4886
3841
659
5058
618
5307
5757
7976
5581
7476
8246
9669
9293
7109
1660
69
230
5484
5052
328
271
3042
4223
1758
9796
4045
5535
8554
1701
5480
7285
6586
5672
7944
1643
6289
9602
3751
4265
5182
1226
8862
1202
6871
2322
2861
6939
2551
4696
1990
2878
4967
1383
7100
6724
1179
1144
8610
6084
9196
4090
3368
5782
6113
7663
3776
2402
3616
7527
3018
8797
5104
8231
9999
1974
552
9211
8912
3102
3907
7254
2331
8873
8636
9430
1948
6166
6925
6909
2249
2472
7350
1969
8253
3463
9631
2029
2216
9599
5907
5233
4747
1010
9815
1097
2984
6718
308
8247
6171
566
5500
8501
5790
4136
4282
7737
6653
7558
4645
8902
29
1995
870
8282
1809
6852
6662
4024
6450
8920
5608
7549
6281
5422
8645
9264
8491
8952
3863
4661
5869
9362
3161
1658
9849
3794
5746
6502
1351
6743
1755
1379
8737
8976
6012
6897
5827
9025
920
8629
4296
6527
6177
577
8300
1173
6192
6790
125
54
7802
2345
5768
962
4003
1968
